x=[1 2 3 4 5 8 7 18]
q=[1;2;3;4;5;6;7;8]
w=x'